00000000
003f0000
006f0000
001a0000
00000081
00000042
00000024
00000018
00000018
00000024
00000042
00000081
00000081
00000042
00000024
00000018
0000000C
00000018
00000030
00000060
00000030
00000018
0000000C
00000006
00000018
00000006
00000003
00000001
00000003
00000007
0000000F
0000001F
0000003F
0000007F
000000FF
000000FE
000000FC
000000F8
000000F0
000000E0
000000C0
00000080
00000000
00000000
00000000
00000000
00000000
00000000
00000000
00000000
00000000
00000000
00000000
00000000
00000000
00000000
00000000
00000000
00000000
00000000
00000000
00000000
00000000
00000000
00000000
00000000